5 
6 
7 
8 
9 
10 
11 
13 
14 
15 
17 
18 
20 
21 
22 
23 
24 
25 
26 
27 
28 
29 
30 
32 
33 
34 
35 
36 
37 
38 
39 
40 
41 
42 
43 
44 
45 
47 
48 
49 
50 
51 
52 
53 
55 
56 
57 
58 
59 
60 
61 
62 
63 
65 
67 
68 
69 
71 
72 
73 
75 
76 
77 
78 
79 
80 
81 
83 
84 
85 
86 
87 
88 
89 
90 
91 
92 
93 
94 
95 
96 
97 
98 
99 
100 
101 
102 
103 
104 
105 
106 
107 
108 
109 
110 
111 
112 
113 
114 
115 
116 
117 
118 
119 
120 
122 
123 
124 
126 
127 
128 
129 
130 
132 
133 
134 
135 
136 
137 
138 
139 
140 
141 
142 
143 
144 
145 
146 
147 
148 
149 
150 
151 
152 
153 
154 
155 
156 
157 
159 
162 
163 
172 
175 
180 
181 
182 
183 
187 
188 
191 
193 
195 
201 
202 
203 
208 
209 
211 
212 
216 
219 
220 
221 
224 
229 
230 
232 
233 
234 
235 
236 
238 
240 
241 
242 
244 
245 
247 
248 
249 
250 
251 
252 
254 
255 
256 
257 
258 
259 
260 
261 
262 
263 
264 
265 
267 
268 
269 
270 
271 
272 
273 
274 
275 
276 
277 
278 
281 
282 
283 
285 
286 
288 
290 
294 
296 
298 
299 
300 
301 
302 
304 
305 
306 
307 
308 
309 
312 
313 
315 
316 
319 
320 
321 
322 
324 
326 
328 
329 
332 
333 
336 
338 
340 
341 
342 
344 
345 
347 
349 
350 
352 
353 
354 
355 
357 
358 
359 
361 
362 
364 
365 
367 
368 
369 
370 
371 
372 
373 
374 
376 
379 
380 
381 
382 
385 
386 
389 
390 
392 
394 
397 
399 
401 
402 
403 
405 
406 
407 
410 
412 
415 
416 
417 
418 
420 
421 
423 
424 
425 
426 
427 
428 
429 
430 
431 
432 
433 
434 
435 
439 
441 
444 
448 
450 
451 
452 
454 
455 
457 
458 
459 
460 
462 
466 
467 
470 
471 
473 
474 
478 
479 
482 
485 
486 
488 
491 
495 
497 
500 
505 
508 
511 
513 
518 
521 
523 
527 
528 
530 
532 
533 
534 
536 
537 
538 
539 
540 
545 
546 
547 
548 
549 
551 
552 
561 
566 
567 
571 
574 
583 
585 
589 
591 
596 
600 
601 
602 
605 
607 
609 
611 
617 
618 
620 
622 
624 
625 
631 
633 
636 
639 
641 
642 
644 
648 
650 
652 
656 
660 
671 
675 
677 
678 
679 
680 
683 
684 
686 
688 
689 
690 
692 
693 
697 
698 
699 
700 
701 
707 
711 
712 
713 
716 
717 
718 
720 
723 
724 
727 
728 
731 
732 
733 
735 
741 
746 
748 
749 
750 
755 
757 
758 
759 
760 
762 
764 
765 
766 
767 
769 
770 
771 
772 
776 
779 
780 
781 
785 
786 
792 
793 
794 
795 
796 
801 
807 
808 
809 
811 
813 
817 
819 
821 
822 
824 
826 
827 
828 
832 
833 
835 
836 
840 
841 
844 
847 
848 
850 
851 
854 
855 
856 
857 
858 
859 
860 
865 
866 
867 
869 
870 
871 
874 
876 
878 
879 
880 
881 
883 
884 
885 
886 
887 
888 
889 
890 
894 
896 
900 
901 
902 
903 
904 
907 
910 
912 
914 
916 
917 
918 
921 
923 
924 
926 
930 
932 
933 
936 
937 
939 
942 
945 
946 
947 
948 
951 
954 
956 
957 
959 
960 
962 
963 
964 
966 
972 
973 
974 
978 
979 
980 
981 
982 
985 
986 
989 
990 
995 
997 
1000 
1001 
1002 
1003 
1007 
1011 
1014 
1015 
1018 
1019 
1022 
1023 
1024 
1025 
1030 
1031 
1032 
1033 
1035 
1036 
1040 
1041 
1046 
1052 
1054 
1055 
1059 
1060 
1061 
1064 
1065 
1067 
1068 
1069 
1070 
1071 
1075 
1078 
1082 
1083 
1085 
1086 
1087 
1089 
1092 
1093 
1094 
1095 
1097 
1098 
1099 
1101 
1102 
1106 
1107 
1109 
1110 
1112 
1113 
1114 
1115 
1117 
1118 
1120 
1124 
1126 
1127 
1128 
1129 
1130 
1131 
1133 
1134 
1137 
1139 
1140 
1141 
1148 
1150 
1153 
1155 
1158 
1159 
1160 
1161 
1166 
1168 
1169 
1170 
1171 
1174 
1175 
1177 
1178 
1179 
1180 
1181 
1182 
1183 
1184 
1188 
1189 
1190 
1191 
1192 
1193 
1194 
1198 
1201 
1202 
1203 
1204 
1205 
1206 
1208 
1209 
1210 
1211 
1212 
1213 
1214 
1217 
1221 
1222 
1223 
1224 
1225 
1227 
1232 
1233 
1234 
1237 
1239 
1240 
1241 
1246 
1248 
1250 
1252 
1254 
1255 
1256 
1257 
1259 
1261 
1263 
1264 
1266 
1268 
1269 
1270 
1271 
1272 
1273 
1274 
1275 
1277 
1278 
1279 
1280 
1281 
1282 
1284 
1285 
1286 
1287 
1288 
1291 
1295 
1296 
1297 
1298 
1303 
1309 
1310 
1311 
1314 
1315 
1316 
1318 
1319 
1323 
1327 
1329 
1330 
1333 
1334 
1335 
1336 
1342 
1343 
1344 
1345 
1347 
1353 
1357 
1358 
1359 
1360 
1362 
1363 
1365 
1369 
1372 
1373 
1374 
1375 
1376 
1379 
1381 
1385 
1390 
1391 
1393 
1398 
1399 
1400 
1401 
1403 
1405 
1406 
1408 
1409 
1410 
1411 
1412 
1413 
1414 
1415 
1416 
1417 
1421 
1422 
1424 
1426 
1427 
1429 
1431 
1434 
1435 
1436 
1437 
1439 
1440 
1441 
1442 
1445 
1448 
1449 
1451 
1452 
1454 
1456 
1458 
1460 
1461 
1462 
1464 
1468 
1469 
1470 
1471 
1472 
1473 
1474 
1475 
1477 
1479 
1483 
1484 
1485 
1486 
1488 
1489 
1490 
1491 
1492 
1494 
1497 
1499 
1500 
1503 
1504 
1505 
1507 
1508 
1509 
1512 
1515 
1516 
1520 
1523 
1526 
1529 
1531 
1532 
1537 
1540 
1541 
1543 
1544 
1546 
1547 
1548 
1549 
1554 
1556 
1558 
1559 
1562 
1563 
1565 
1566 
1567 
1568 
1569 
1570 
1571 
1572 
1573 
1574 
1575 
1579 
1581 
1582 
1584 
1586 
1588 
1589 
1591 
1592 
1593 
1595 
1596 
1597 
1598 
1601 
1602 
1603 
1604 
1605 
1606 
1607 
1608 
1609 
1610 
1613 
1615 
1616 
1618 
1619 
1620 
1621 
1622 
1624 
1628 
1629 
1630 
1631 
1633 
1634 
1635 
1636 
1637 
1638 
1639 
1640 
1641 
1643 
1644 
1646 
1647 
1651 
1653 
1654 
1656 
1658 
1659 
1660 
1661 
1662 
1666 
1668 
1671 
1673 
1675 
1677 
1682 
1684 
1685 
1686 
1688 
1689 
1690 
1691 
1692 
1698 
1699 
1700 
1702 
1703 
1704 
1707 
1708 
1709 
1710 
1711 
1712 
1713 
1714 
1715 
1722 
1723 
1724 
1726 
1727 
1732 
1733 
1734 
1735 
1737 
1738 
1739 
1741 
1743 
1745 
1746 
1748 
1751 
1752 
1754 
1755 
1756 
1758 
1759 
1761 
1762 
1764 
1765 
1767 
1769 
1770 
1772 
1773 
1774 
1776 
1778 
1779 
1780 
1781 
1783 
1784 
1785 
1787 
1792 
1794 
1796 
1797 
1798 
1799 
1800 
1802 
1804 
1806 
1807 
1808 
1812 
1813 
1814 
1815 
1816 
1817 
1818 
1819 
1821 
1822 
1825 
1827 
1830 
1832 
1839 
1840 
1841 
1844 
1845 
1848 
1849 
1852 
1853 
1857 
1858 
1859 
1860 
1861 
1863 
1865 
1867 
1868 
1871 
1872 
1874 
1876 
1877 
1878 
1881 
1884 
1885 
1886 
1888 
1889 
1891 
1892 
1893 
1894 
1895 
1897 
1899 
1904 
1905 
1906 
1907 
1908 
1909 
1910 
1912 
1915 
1917 
1918 
1921 
1924 
1925 
1928 
1929 
1931 
1932 
1933 
1937 
1938 
1940 
1941 
1942 
1943 
1944 
1945 
1946 
1950 
1955 
1957 
1959 
1960 
1961 
1962 
1963 
1964 
1965 
1970 
1973 
1974 
1975 
1976 
1977 
1979 
1982 
1983 
1984 
1987 
1988 
1989 
1993 
1995 
1997 
1999 
2001 
2004 
2005 
2008 
2013 
2014 
2016 
2017 
2020 
2023 
2024 
2025 
2028 
2029 
2030 
2033 
2037 
2038 
2039 
2040 
2042 
2043 
2045 
2046 
2047 
2048 
2053 
2054 
2057 
2058 
2062 
2063 
2064 
2065 
2066 
2067 
2068 
2070 
2074 
2076 
2077 
2079 
2080 
2081 
2083 
2084 
2085 
2087 
2088 
2089 
2090 
2091 
2093 
2094 
2096 
2098 
2099 
2100 
2101 
2103 
2104 
2105 
2106 
2110 
2112 
2114 
2117 
2119 
2120 
2122 
2123 
2124 
2126 
2127 
2128 
2129 
2131 
2132 
2133 
2134 
2135 
2136 
2138 
2139 
2142 
2143 
2145 
2147 
2152 
2153 
2155 
2156 
2160 
2161 
2162 
2163 
2164 
2166 
2176 
2177 
2179 
2183 
2186 
2187 
2191 
2192 
2194 
2195 
2196 
2200 
2201 
2202 
2204 
2205 
2206 
2209 
2210 
2211 
2213 
2215 
2216 
2217 
2218 
2219 
2221 
2224 
2226 
2228 
2229 
2230 
2232 
2234 
2235 
2236 
2239 
2241 
2244 
2245 
2246 
2247 
2248 
2250 
2251 
2252 
2253 
2254 
2255 
2257 
2258 
2259 
2261 
2262 
2263 
2266 
2267 
2268 
2269 
2270 
2273 
2275 
2279 
2280 
2281 
2284 
2285 
2288 
2293 
2294 
2297 
2298 
2299 
2300 
2304 
2305 
2307 
2311 
2312 
2313 
2315 
2316 
2317 
2318 
2321 
2322 
2324 
2325 
2327 
2328 
2329 
2331 
2332 
2333 
2335 
2340 
2342 
2343 
2344 
2345 
2347 
2352 
2353 
2354 
2355 
2356 
2358 
2359 
2361 
2362 
2364 
2366 
2367 
2368 
2369 
2370 
2371 
2373 
2374 
2375 
2377 
2378 
2379 
2380 
2382 
2385 
2387 
2389 
2391 
2393 
2395 
2399 
2400 
2401 
2403 
2404 
2405 
2406 
2407 
2408 
2410 
2411 
2414 
2415 
2416 
2417 
2418 
2419 
2421 
2422 
2423 
2424 
2426 
2427 
2429 
2431 
2432 
2439 
2440 
2441 
2443 
2444 
2447 
2448 
2450 
2451 
2452 
2457 
2458 
2460 
2463 
2464 
2465 
2467 
2471 
2472 
2474 
2482 
2483 
2484 
2485 
2486 
2487 
2488 
2489 
2493 
2494 
2495 
2503 
2505 
2508 
2510 
2511 
2512 
2513 
2515 
2518 
2521 
2526 
2528 
2529 
2530 
2532 
2535 
2536 
2537 
2538 
2540 
2542 
2544 
2545 
2547 
2550 
2553 
2556 
2557 
2560 
2561 
2562 
2563 
2564 
2572 
2573 
2575 
2579 
2582 
2583 
2586 
2588 
2591 
2592 
2593 
2594 
2597 
2598 
2601 
2602 
2603 
2606 
2610 
2613 
2615 
2617 
2618 
2622 
2627 
2628 
2629 
2633 
2635 
2640 
2642 
2643 
2644 
2645 
2646 
2649 
2651 
2655 
2656 
2658 
2660 
2661 
2662 
2664 
2665 
2667 
2669 
2670 
2673 
2678 
2680 
2681 
2685 
2689 
2690 
2692 
2693 
2695 
2696 
2698 
2700 
2703 
2705 
2707 
2708 
2710 
2712 
2714 
2718 
2719 
2722 
2725 
2730 
2731 
2732 
2733 
2735 
2736 
2738 
2741 
2749 
2754 
2755 
2756 
2757 
2759 
2760 
2762 
2763 
2764 
2767 
2771 
2772 
2773 
2775 
2776 
2777 
2780 
2781 
2782 
2785 
2786 
2787 
2788 
2790 
2792 
2793 
2795 
2797 
2798 
2801 
2804 
2807 
2811 
2813 
2815 
2818 
2820 
2822 
2826 
2831 
2833 
2836 
2837 
2838 
2839 
2841 
2842 
2843 
2846 
2850 
2854 
2855 
2857 
2859 
2864 
2867 
2868 
2869 
2870 
2871 
2873 
2874 
2876 
2877 
2880 
2881 
2882 
2883 
2884 
2892 
2899 
2900 
2901 
2902 
2903 
2905 
2909 
2911 
2913 
2914 
2916 
2918 
2919 
2921 
2922 
2924 
2929 
2930 
2933 
2936 
2938 
2939 
2941 
2942 
2945 
2947 
2948 
2952 
2953 
2954 
2955 
2959 
2960 
2965 
2966 
2967 
2969 
2970 
2974 
2975 
2984 
2985 
2988 
2989 
2990 
2992 
2994 
2996 
3014 
3016 
3018 
3019 
3029 
3031 
3032 
3033 
3035 
3036 
3041 
3045 
3047 
3050 
3051 
3053 
3064 
3065 
3066 
3067 
3069 
3072 
3074 
3078 
3079 
3080 
3081 
3086 
3089 
3093 
3094 
3095 
3097 
3100 
3102 
3103 
3107 
3108 
3109 
3110 
3112 
3115 
3116 
3117 
3119 
3122 
3125 
3132 
3139 
3140 
3147 
3148 
3149 
3150 
3153 
3156 
3157 
3160 
3165 
3166 
3167 
3170 
3172 
3176 
3177 
3179 
3181 
3182 
3185 
3193 
3196 
3197 
3206 
3207 
3210 
3212 
3214 
3219 
3220 
3221 
3223 
3224 
3229 
3230 
3231 
3232 
3234 
3238 
3240 
3241 
3243 
3247 
3249 
3251 
3253 
3255 
3256 
3257 
3267 
3272 
3279 
3280 
3286 
3292 
3294 
3296 
3301 
3302 
3303 
3305 
3309 
3315 
3321 
3322 
3324 
3330 
3331 
3336 
3337 
3339 
3340 
3341 
3342 
3347 
3361 
3362 
3364 
3369 
3370 
3371 
3372 
3373 
3374 
3375 
3378 
3382 
3383 
3385 
3387 
3393 
3395 
3396 
3399 
3400 
3401 
3403 
3404 
3407 
3409 
3413 
3416 
3419 
3420 
3422 
3425 
3426 
3427 
3428 
3431 
3433 
3435 
3436 
3440 
3445 
3446 
3448 
3458 
3459 
3460 
3461 
3463 
3464 
3473 
3476 
3477 
3478 
3479 
3483 
3487 
3488 
3489 
3490 
3494 
3501 
3502 
3504 
3510 
3511 
3512 
3513 
3517 
3520 
3521 
3523 
3529 
3532 
3533 
3534 
3537 
3554 
3558 
3559 
3560 
3562 
3563 
3565 
3567 
3570 
3577 
3579 
3582 
3586 
3587 
3592 
3596 
3598 
3599 
3600 
3603 
3605 
3606 
3607 
3609 
3611 
3623 
3624 
3627 
3641 
3645 
3648 
3651 
3652 
3656 
3663 
3665 
3674 
3676 
3681 
3683 
3685 
3686 
3689 
3691 
3693 
3699 
3723 
3724 
3726 
3734 
3744 
3746 
3748 
3751 
3752 
3755 
3757 
3762 
3765 
3768 
3769 
3772 
3774 
3778 
3779 
3782 
3786 
3791 
3792 
3795 
3796 
3797 
3800 
3801 
3805 
3810 
3812 
3813 
3814 
3817 
3821 
3822 
3831 
3834 
3835 
3836 
3838 
3839 
3840 
3841 
3846 
3849 
3852 
3859 
3861 
3862 
3867 
3868 
3870 
3875 
3886 
3888 
3902 
3904 
3907 
3910 
3915 
3918 
3920 
3923 
3924 
3926 
3931 
3934 
3938 
3940 
3941 
3943 
3951 
3957 
3958 
3962 
3967 
3969 
3973 
3974 
3975 
3976 
3977 
3978 
3981 
3982 
3992 
3994 
3998 
4001 
4002 
4003 
4008 
4010 
4011 
4013 
4018 
4019 
4021 
4031 
4035 
4043 
4048 
4053 
4058 
4061 
4067 
4068 
4070 
4072 
4078 
4080 
4081 
4084 
4096 
4099 
4100 
4104 
4108 
4111 
4112 
4127 
4133 
4144 
4145 
4149 
4151 
4152 
4153 
4167 
4168 
4169 
4170 
4176 
4177 
4179 
4181 
4184 
4185 
4186 
4190 
4191 
4193 
4194 
4201 
4206 
4208 
4213 
4216 
4220 
4222 
4223 
4224 
4226 
4227 
4233 
4234 
4237 
4246 
4249 
4254 
4272 
4276 
4279 
4281 
4284 
4292 
4294 
4298 
4304 
4307 
4313 
4318 
4325 
4326 
4329 
4343 
4345 
4346 
4347 
4351 
4353 
4354 
4368 
4369 
4372 
4373 
4374 
4375 
4378 
4382 
4385 
4390 
4391 
4395 
4397 
4398 
4399 
4401 
4412 
4415 
4416 
4420 
4421 
4426 
4428 
4430 
4442 
4447 
4463 
4465 
4471 
4472 
4474 
4477 
4478 
4480 
4482 
4486 
4488 
4491 
4498 
4504 
4508 
4509 
4510 
4520 
4523 
4526 
4530 
4535 
4536 
4541 
4542 
4549 
4550 
4554 
4556 
4557 
4564 
4565 
4566 
4568 
4569 
4572 
4575 
4585 
4591 
4595 
4598 
4602 
4604 
4611 
4613 
4614 
4615 
4620 
4623 
4624 
4632 
4638 
4642 
4647 
4652 
4654 
4658 
4660 
4664 
4665 
4679 
4684 
4686 
4691 
4692 
4694 
4695 
4696 
4701 
4702 
4704 
4707 
4709 
4717 
4719 
4724 
4727 
4731 
4733 
4741 
4743 
4746 
4747 
4760 
4761 
4762 
4763 
4767 
4768 
4769 
4776 
4777 
4782 
4795 
4799 
4802 
4803 
4816 
4820 
4821 
4823 
4828 
4830 
4834 
4835 
4837 
4839 
4846 
4848 
4858 
4859 
4861 
4877 
4880 
4881 
4885 
4886 
4888 
4907 
4912 
4923 
4924 
4929 
4948 
4965 
4976 
4989 
