0 
1 
2 
3 
4 
12 
16 
19 
31 
46 
54 
64 
66 
70 
74 
82 
121 
125 
131 
158 
160 
161 
164 
165 
166 
167 
168 
169 
170 
171 
173 
174 
176 
177 
178 
179 
184 
185 
186 
189 
190 
192 
194 
196 
197 
198 
199 
200 
204 
205 
206 
207 
210 
213 
214 
215 
217 
218 
222 
223 
225 
226 
227 
228 
231 
237 
239 
243 
246 
253 
266 
279 
280 
284 
287 
289 
291 
292 
293 
295 
297 
303 
310 
311 
314 
317 
318 
323 
325 
327 
330 
331 
334 
335 
337 
339 
343 
346 
348 
351 
356 
360 
363 
366 
375 
377 
378 
383 
384 
387 
388 
391 
393 
395 
396 
398 
400 
404 
408 
409 
411 
413 
414 
419 
422 
436 
437 
438 
440 
442 
443 
445 
446 
447 
449 
453 
456 
461 
463 
464 
465 
468 
469 
472 
475 
476 
477 
480 
481 
483 
484 
487 
489 
490 
492 
493 
494 
496 
498 
499 
501 
502 
503 
504 
506 
507 
509 
510 
512 
514 
515 
516 
517 
519 
520 
522 
524 
525 
526 
529 
531 
535 
541 
542 
543 
544 
550 
553 
554 
555 
556 
557 
558 
559 
560 
562 
563 
564 
565 
568 
569 
570 
572 
573 
575 
576 
577 
578 
579 
580 
581 
582 
584 
586 
587 
588 
590 
592 
593 
594 
595 
597 
598 
599 
603 
604 
606 
608 
610 
612 
613 
614 
615 
616 
619 
621 
623 
626 
627 
628 
629 
630 
632 
634 
635 
637 
638 
640 
643 
645 
646 
647 
649 
651 
653 
654 
655 
657 
658 
659 
661 
662 
663 
664 
665 
666 
667 
668 
669 
670 
672 
673 
674 
676 
681 
682 
685 
687 
691 
694 
695 
696 
702 
703 
704 
705 
706 
708 
709 
710 
714 
715 
719 
721 
722 
725 
726 
729 
730 
734 
736 
737 
738 
739 
740 
742 
743 
744 
745 
747 
751 
752 
753 
754 
756 
761 
763 
768 
773 
774 
775 
777 
778 
782 
783 
784 
787 
788 
789 
790 
791 
797 
798 
799 
800 
802 
803 
804 
805 
806 
810 
812 
814 
815 
816 
818 
820 
823 
825 
829 
830 
831 
834 
837 
838 
839 
842 
843 
845 
846 
849 
852 
853 
861 
862 
863 
864 
868 
872 
873 
875 
877 
882 
891 
892 
893 
895 
897 
898 
899 
905 
906 
908 
909 
911 
913 
915 
919 
920 
922 
925 
927 
928 
929 
931 
934 
935 
938 
940 
941 
943 
944 
949 
950 
952 
953 
955 
958 
961 
965 
967 
968 
969 
970 
971 
975 
976 
977 
983 
984 
987 
988 
991 
992 
993 
994 
996 
998 
999 
1004 
1005 
1006 
1008 
1009 
1010 
1012 
1013 
1016 
1017 
1020 
1021 
1026 
1027 
1028 
1029 
1034 
1037 
1038 
1039 
1042 
1043 
1044 
1045 
1047 
1048 
1049 
1050 
1051 
1053 
1056 
1057 
1058 
1062 
1063 
1066 
1072 
1073 
1074 
1076 
1077 
1079 
1080 
1081 
1084 
1088 
1090 
1091 
1096 
1100 
1103 
1104 
1105 
1108 
1111 
1116 
1119 
1121 
1122 
1123 
1125 
1132 
1135 
1136 
1138 
1142 
1143 
1144 
1145 
1146 
1147 
1149 
1151 
1152 
1154 
1156 
1157 
1162 
1163 
1164 
1165 
1167 
1172 
1173 
1176 
1185 
1186 
1187 
1195 
1196 
1197 
1199 
1200 
1207 
1215 
1216 
1218 
1219 
1220 
1226 
1228 
1229 
1230 
1231 
1235 
1236 
1238 
1242 
1243 
1244 
1245 
1247 
1249 
1251 
1253 
1258 
1260 
1262 
1265 
1267 
1276 
1283 
1289 
1290 
1292 
1293 
1294 
1299 
1300 
1301 
1302 
1304 
1305 
1306 
1307 
1308 
1312 
1313 
1317 
1320 
1321 
1322 
1324 
1325 
1326 
1328 
1331 
1332 
1337 
1338 
1339 
1340 
1341 
1346 
1348 
1349 
1350 
1351 
1352 
1354 
1355 
1356 
1361 
1364 
1366 
1367 
1368 
1370 
1371 
1377 
1378 
1380 
1382 
1383 
1384 
1386 
1387 
1388 
1389 
1392 
1394 
1395 
1396 
1397 
1402 
1404 
1407 
1418 
1419 
1420 
1423 
1425 
1428 
1430 
1432 
1433 
1438 
1443 
1444 
1446 
1447 
1450 
1453 
1455 
1457 
1459 
1463 
1465 
1466 
1467 
1476 
1478 
1480 
1481 
1482 
1487 
1493 
1495 
1496 
1498 
1501 
1502 
1506 
1510 
1511 
1513 
1514 
1517 
1518 
1519 
1521 
1522 
1524 
1525 
1527 
1528 
1530 
1533 
1534 
1535 
1536 
1538 
1539 
1542 
1545 
1550 
1551 
1552 
1553 
1555 
1557 
1560 
1561 
1564 
1576 
1577 
1578 
1580 
1583 
1585 
1587 
1590 
1594 
1599 
1600 
1611 
1612 
1614 
1617 
1623 
1625 
1626 
1627 
1632 
1642 
1645 
1648 
1649 
1650 
1652 
1655 
1657 
1663 
1664 
1665 
1667 
1669 
1670 
1672 
1674 
1676 
1678 
1679 
1680 
1681 
1683 
1687 
1693 
1694 
1695 
1696 
1697 
1701 
1705 
1706 
1716 
1717 
1718 
1719 
1720 
1721 
1725 
1728 
1729 
1730 
1731 
1736 
1740 
1742 
1744 
1747 
1749 
1750 
1753 
1757 
1760 
1763 
1766 
1768 
1771 
1775 
1777 
1782 
1786 
1788 
1789 
1790 
1791 
1793 
1795 
1801 
1803 
1805 
1809 
1810 
1811 
1820 
1823 
1824 
1826 
1828 
1829 
1831 
1833 
1834 
1835 
1836 
1837 
1838 
1842 
1843 
1846 
1847 
1850 
1851 
1854 
1855 
1856 
1862 
1864 
1866 
1869 
1870 
1873 
1875 
1879 
1880 
1882 
1883 
1887 
1890 
1896 
1898 
1900 
1901 
1902 
1903 
1911 
1913 
1914 
1916 
1919 
1920 
1922 
1923 
1926 
1927 
1930 
1934 
1935 
1936 
1939 
1947 
1948 
1949 
1951 
1952 
1953 
1954 
1956 
1958 
1966 
1967 
1968 
1969 
1971 
1972 
1978 
1980 
1981 
1985 
1986 
1990 
1991 
1992 
1994 
1996 
1998 
2000 
2002 
2003 
2006 
2007 
2009 
2010 
2011 
2012 
2015 
2018 
2019 
2021 
2022 
2026 
2027 
2031 
2032 
2034 
2035 
2036 
2041 
2044 
2049 
2050 
2051 
2052 
2055 
2056 
2059 
2060 
2061 
2069 
2071 
2072 
2073 
2075 
2078 
2082 
2086 
2092 
2095 
2097 
2102 
2107 
2108 
2109 
2111 
2113 
2115 
2116 
2118 
2121 
2125 
2130 
2137 
2140 
2141 
2144 
2146 
2148 
2149 
2150 
2151 
2154 
2157 
2158 
2159 
2165 
2167 
2168 
2169 
2170 
2171 
2172 
2173 
2174 
2175 
2178 
2180 
2181 
2182 
2184 
2185 
2188 
2189 
2190 
2193 
2197 
2198 
2199 
2203 
2207 
2208 
2212 
2214 
2220 
2222 
2223 
2225 
2227 
2231 
2233 
2237 
2238 
2240 
2242 
2243 
2249 
2256 
2260 
2264 
2265 
2271 
2272 
2274 
2276 
2277 
2278 
2282 
2283 
2286 
2287 
2289 
2290 
2291 
2292 
2295 
2296 
2301 
2302 
2303 
2306 
2308 
2309 
2310 
2314 
2319 
2320 
2323 
2326 
2330 
2334 
2336 
2337 
2338 
2339 
2341 
2346 
2348 
2349 
2350 
2351 
2357 
2360 
2363 
2365 
2372 
2376 
2381 
2383 
2384 
2386 
2388 
2390 
2392 
2394 
2396 
2397 
2398 
2402 
2409 
2412 
2413 
2420 
2425 
2428 
2430 
2433 
2434 
2435 
2436 
2437 
2438 
2442 
2445 
2446 
2449 
2453 
2454 
2455 
2456 
2459 
2461 
2462 
2466 
2468 
2469 
2470 
2473 
2475 
2476 
2477 
2478 
2479 
2480 
2481 
2490 
2491 
2492 
2496 
2497 
2498 
2499 
2500 
2501 
2502 
2504 
2506 
2507 
2509 
2514 
2516 
2517 
2519 
2520 
2522 
2523 
2524 
2525 
2527 
2531 
2533 
2534 
2539 
2541 
2543 
2546 
2548 
2549 
2551 
2552 
2554 
2555 
2558 
2559 
2565 
2566 
2567 
2568 
2569 
2570 
2571 
2574 
2576 
2577 
2578 
2580 
2581 
2584 
2585 
2587 
2589 
2590 
2595 
2596 
2599 
2600 
2604 
2605 
2607 
2608 
2609 
2611 
2612 
2614 
2616 
2619 
2620 
2621 
2623 
2624 
2625 
2626 
2630 
2631 
2632 
2634 
2636 
2637 
2638 
2639 
2641 
2647 
2648 
2650 
2652 
2653 
2654 
2657 
2659 
2663 
2666 
2668 
2671 
2672 
2674 
2675 
2676 
2677 
2679 
2682 
2683 
2684 
2686 
2687 
2688 
2691 
2694 
2697 
2699 
2701 
2702 
2704 
2706 
2709 
2711 
2713 
2715 
2716 
2717 
2720 
2721 
2723 
2724 
2726 
2727 
2728 
2729 
2734 
2737 
2739 
2740 
2742 
2743 
2744 
2745 
2746 
2747 
2748 
2750 
2751 
2752 
2753 
2758 
2761 
2765 
2766 
2768 
2769 
2770 
2774 
2778 
2779 
2783 
2784 
2789 
2791 
2794 
2796 
2799 
2800 
2802 
2803 
2805 
2806 
2808 
2809 
2810 
2812 
2814 
2816 
2817 
2819 
2821 
2823 
2824 
2825 
2827 
2828 
2829 
2830 
2832 
2834 
2835 
2840 
2844 
2845 
2847 
2848 
2849 
2851 
2852 
2853 
2856 
2858 
2860 
2861 
2862 
2863 
2865 
2866 
2872 
2875 
2878 
2879 
2885 
2886 
2887 
2888 
2889 
2890 
2891 
2893 
2894 
2895 
2896 
2897 
2898 
2904 
2906 
2907 
2908 
2910 
2912 
2915 
2917 
2920 
2923 
2925 
2926 
2927 
2928 
2931 
2932 
2934 
2935 
2937 
2940 
2943 
2944 
2946 
2949 
2950 
2951 
2956 
2957 
2958 
2961 
2962 
2963 
2964 
2968 
2971 
2972 
2973 
2976 
2977 
2978 
2979 
2980 
2981 
2982 
2983 
2986 
2987 
2991 
2993 
2995 
2997 
2998 
2999 
3000 
3001 
3002 
3003 
3004 
3005 
3006 
3007 
3008 
3009 
3010 
3011 
3012 
3013 
3015 
3017 
3020 
3021 
3022 
3023 
3024 
3025 
3026 
3027 
3028 
3030 
3034 
3037 
3038 
3039 
3040 
3042 
3043 
3044 
3046 
3048 
3049 
3052 
3054 
3055 
3056 
3057 
3058 
3059 
3060 
3061 
3062 
3063 
3068 
3070 
3071 
3073 
3075 
3076 
3077 
3082 
3083 
3084 
3085 
3087 
3088 
3090 
3091 
3092 
3096 
3098 
3099 
3101 
3104 
3105 
3106 
3111 
3113 
3114 
3118 
3120 
3121 
3123 
3124 
3126 
3127 
3128 
3129 
3130 
3131 
3133 
3134 
3135 
3136 
3137 
3138 
3141 
3142 
3143 
3144 
3145 
3146 
3151 
3152 
3154 
3155 
3158 
3159 
3161 
3162 
3163 
3164 
3168 
3169 
3171 
3173 
3174 
3175 
3178 
3180 
3183 
3184 
3186 
3187 
3188 
3189 
3190 
3191 
3192 
3194 
3195 
3198 
3199 
3200 
3201 
3202 
3203 
3204 
3205 
3208 
3209 
3211 
3213 
3215 
3216 
3217 
3218 
3222 
3225 
3226 
3227 
3228 
3233 
3235 
3236 
3237 
3239 
3242 
3244 
3245 
3246 
3248 
3250 
3252 
3254 
3258 
3259 
3260 
3261 
3262 
3263 
3264 
3265 
3266 
3268 
3269 
3270 
3271 
3273 
3274 
3275 
3276 
3277 
3278 
3281 
3282 
3283 
3284 
3285 
3287 
3288 
3289 
3290 
3291 
3293 
3295 
3297 
3298 
3299 
3300 
3304 
3306 
3307 
3308 
3310 
3311 
3312 
3313 
3314 
3316 
3317 
3318 
3319 
3320 
3323 
3325 
3326 
3327 
3328 
3329 
3332 
3333 
3334 
3335 
3338 
3343 
3344 
3345 
3346 
3348 
3349 
3350 
3351 
3352 
3353 
3354 
3355 
3356 
3357 
3358 
3359 
3360 
3363 
3365 
3366 
3367 
3368 
3376 
3377 
3379 
3380 
3381 
3384 
3386 
3388 
3389 
3390 
3391 
3392 
3394 
3397 
3398 
3402 
3405 
3406 
3408 
3410 
3411 
3412 
3414 
3415 
3417 
3418 
3421 
3423 
3424 
3429 
3430 
3432 
3434 
3437 
3438 
3439 
3441 
3442 
3443 
3444 
3447 
3449 
3450 
3451 
3452 
3453 
3454 
3455 
3456 
3457 
3462 
3465 
3466 
3467 
3468 
3469 
3470 
3471 
3472 
3474 
3475 
3480 
3481 
3482 
3484 
3485 
3486 
3491 
3492 
3493 
3495 
3496 
3497 
3498 
3499 
3500 
3503 
3505 
3506 
3507 
3508 
3509 
3514 
3515 
3516 
3518 
3519 
3522 
3524 
3525 
3526 
3527 
3528 
3530 
3531 
3535 
3536 
3538 
3539 
3540 
3541 
3542 
3543 
3544 
3545 
3546 
3547 
3548 
3549 
3550 
3551 
3552 
3553 
3555 
3556 
3557 
3561 
3564 
3566 
3568 
3569 
3571 
3572 
3573 
3574 
3575 
3576 
3578 
3580 
3581 
3583 
3584 
3585 
3588 
3589 
3590 
3591 
3593 
3594 
3595 
3597 
3601 
3602 
3604 
3608 
3610 
3612 
3613 
3614 
3615 
3616 
3617 
3618 
3619 
3620 
3621 
3622 
3625 
3626 
3628 
3629 
3630 
3631 
3632 
3633 
3634 
3635 
3636 
3637 
3638 
3639 
3640 
3642 
3643 
3644 
3646 
3647 
3649 
3650 
3653 
3654 
3655 
3657 
3658 
3659 
3660 
3661 
3662 
3664 
3666 
3667 
3668 
3669 
3670 
3671 
3672 
3673 
3675 
3677 
3678 
3679 
3680 
3682 
3684 
3687 
3688 
3690 
3692 
3694 
3695 
3696 
3697 
3698 
3700 
3701 
3702 
3703 
3704 
3705 
3706 
3707 
3708 
3709 
3710 
3711 
3712 
3713 
3714 
3715 
3716 
3717 
3718 
3719 
3720 
3721 
3722 
3725 
3727 
3728 
3729 
3730 
3731 
3732 
3733 
3735 
3736 
3737 
3738 
3739 
3740 
3741 
3742 
3743 
3745 
3747 
3749 
3750 
3753 
3754 
3756 
3758 
3759 
3760 
3761 
3763 
3764 
3766 
3767 
3770 
3771 
3773 
3775 
3776 
3777 
3780 
3781 
3783 
3784 
3785 
3787 
3788 
3789 
3790 
3793 
3794 
3798 
3799 
3802 
3803 
3804 
3806 
3807 
3808 
3809 
3811 
3815 
3816 
3818 
3819 
3820 
3823 
3824 
3825 
3826 
3827 
3828 
3829 
3830 
3832 
3833 
3837 
3842 
3843 
3844 
3845 
3847 
3848 
3850 
3851 
3853 
3854 
3855 
3856 
3857 
3858 
3860 
3863 
3864 
3865 
3866 
3869 
3871 
3872 
3873 
3874 
3876 
3877 
3878 
3879 
3880 
3881 
3882 
3883 
3884 
3885 
3887 
3889 
3890 
3891 
3892 
3893 
3894 
3895 
3896 
3897 
3898 
3899 
3900 
3901 
3903 
3905 
3906 
3908 
3909 
3911 
3912 
3913 
3914 
3916 
3917 
3919 
3921 
3922 
3925 
3927 
3928 
3929 
3930 
3932 
3933 
3935 
3936 
3937 
3939 
3942 
3944 
3945 
3946 
3947 
3948 
3949 
3950 
3952 
3953 
3954 
3955 
3956 
3959 
3960 
3961 
3963 
3964 
3965 
3966 
3968 
3970 
3971 
3972 
3979 
3980 
3983 
3984 
3985 
3986 
3987 
3988 
3989 
3990 
3991 
3993 
3995 
3996 
3997 
3999 
4000 
4004 
4005 
4006 
4007 
4009 
4012 
4014 
4015 
4016 
4017 
4020 
4022 
4023 
4024 
4025 
4026 
4027 
4028 
4029 
4030 
4032 
4033 
4034 
4036 
4037 
4038 
4039 
4040 
4041 
4042 
4044 
4045 
4046 
4047 
4049 
4050 
4051 
4052 
4054 
4055 
4056 
4057 
4059 
4060 
4062 
4063 
4064 
4065 
4066 
4069 
4071 
4073 
4074 
4075 
4076 
4077 
4079 
4082 
4083 
4085 
4086 
4087 
4088 
4089 
4090 
4091 
4092 
4093 
4094 
4095 
4097 
4098 
4101 
4102 
4103 
4105 
4106 
4107 
4109 
4110 
4113 
4114 
4115 
4116 
4117 
4118 
4119 
4120 
4121 
4122 
4123 
4124 
4125 
4126 
4128 
4129 
4130 
4131 
4132 
4134 
4135 
4136 
4137 
4138 
4139 
4140 
4141 
4142 
4143 
4146 
4147 
4148 
4150 
4154 
4155 
4156 
4157 
4158 
4159 
4160 
4161 
4162 
4163 
4164 
4165 
4166 
4171 
4172 
4173 
4174 
4175 
4178 
4180 
4182 
4183 
4187 
4188 
4189 
4192 
4195 
4196 
4197 
4198 
4199 
4200 
4202 
4203 
4204 
4205 
4207 
4209 
4210 
4211 
4212 
4214 
4215 
4217 
4218 
4219 
4221 
4225 
4228 
4229 
4230 
4231 
4232 
4235 
4236 
4238 
4239 
4240 
4241 
4242 
4243 
4244 
4245 
4247 
4248 
4250 
4251 
4252 
4253 
4255 
4256 
4257 
4258 
4259 
4260 
4261 
4262 
4263 
4264 
4265 
4266 
4267 
4268 
4269 
4270 
4271 
4273 
4274 
4275 
4277 
4278 
4280 
4282 
4283 
4285 
4286 
4287 
4288 
4289 
4290 
4291 
4293 
4295 
4296 
4297 
4299 
4300 
4301 
4302 
4303 
4305 
4306 
4308 
4309 
4310 
4311 
4312 
4314 
4315 
4316 
4317 
4319 
4320 
4321 
4322 
4323 
4324 
4327 
4328 
4330 
4331 
4332 
4333 
4334 
4335 
4336 
4337 
4338 
4339 
4340 
4341 
4342 
4344 
4348 
4349 
4350 
4352 
4355 
4356 
4357 
4358 
4359 
4360 
4361 
4362 
4363 
4364 
4365 
4366 
4367 
4370 
4371 
4376 
4377 
4379 
4380 
4381 
4383 
4384 
4386 
4387 
4388 
4389 
4392 
4393 
4394 
4396 
4400 
4402 
4403 
4404 
4405 
4406 
4407 
4408 
4409 
4410 
4411 
4413 
4414 
4417 
4418 
4419 
4422 
4423 
4424 
4425 
4427 
4429 
4431 
4432 
4433 
4434 
4435 
4436 
4437 
4438 
4439 
4440 
4441 
4443 
4444 
4445 
4446 
4448 
4449 
4450 
4451 
4452 
4453 
4454 
4455 
4456 
4457 
4458 
4459 
4460 
4461 
4462 
4464 
4466 
4467 
4468 
4469 
4470 
4473 
4475 
4476 
4479 
4481 
4483 
4484 
4485 
4487 
4489 
4490 
4492 
4493 
4494 
4495 
4496 
4497 
4499 
4500 
4501 
4502 
4503 
4505 
4506 
4507 
4511 
4512 
4513 
4514 
4515 
4516 
4517 
4518 
4519 
4521 
4522 
4524 
4525 
4527 
4528 
4529 
4531 
4532 
4533 
4534 
4537 
4538 
4539 
4540 
4543 
4544 
4545 
4546 
4547 
4548 
4551 
4552 
4553 
4555 
4558 
4559 
4560 
4561 
4562 
4563 
4567 
4570 
4571 
4573 
4574 
4576 
4577 
4578 
4579 
4580 
4581 
4582 
4583 
4584 
4586 
4587 
4588 
4589 
4590 
4592 
4593 
4594 
4596 
4597 
4599 
4600 
4601 
4603 
4605 
4606 
4607 
4608 
4609 
4610 
4612 
4616 
4617 
4618 
4619 
4621 
4622 
4625 
4626 
4627 
4628 
4629 
4630 
4631 
4633 
4634 
4635 
4636 
4637 
4639 
4640 
4641 
4643 
4644 
4645 
4646 
4648 
4649 
4650 
4651 
4653 
4655 
4656 
4657 
4659 
4661 
4662 
4663 
4666 
4667 
4668 
4669 
4670 
4671 
4672 
4673 
4674 
4675 
4676 
4677 
4678 
4680 
4681 
4682 
4683 
4685 
4687 
4688 
4689 
4690 
4693 
4697 
4698 
4699 
4700 
4703 
4705 
4706 
4708 
4710 
4711 
4712 
4713 
4714 
4715 
4716 
4718 
4720 
4721 
4722 
4723 
4725 
4726 
4728 
4729 
4730 
4732 
4734 
4735 
4736 
4737 
4738 
4739 
4740 
4742 
4744 
4745 
4748 
4749 
4750 
4751 
4752 
4753 
4754 
4755 
4756 
4757 
4758 
4759 
4764 
4765 
4766 
4770 
4771 
4772 
4773 
4774 
4775 
4778 
4779 
4780 
4781 
4783 
4784 
4785 
4786 
4787 
4788 
4789 
4790 
4791 
4792 
4793 
4794 
4796 
4797 
4798 
4800 
4801 
4804 
4805 
4806 
4807 
4808 
4809 
4810 
4811 
4812 
4813 
4814 
4815 
4817 
4818 
4819 
4822 
4824 
4825 
4826 
4827 
4829 
4831 
4832 
4833 
4836 
4838 
4840 
4841 
4842 
4843 
4844 
4845 
4847 
4849 
4850 
4851 
4852 
4853 
4854 
4855 
4856 
4857 
4860 
4862 
4863 
4864 
4865 
4866 
4867 
4868 
4869 
4870 
4871 
4872 
4873 
4874 
4875 
4876 
4878 
4879 
4882 
4883 
4884 
4887 
4889 
4890 
4891 
4892 
4893 
4894 
4895 
4896 
4897 
4898 
4899 
4900 
4901 
4902 
4903 
4904 
4905 
4906 
4908 
4909 
4910 
4911 
4913 
4914 
4915 
4916 
4917 
4918 
4919 
4920 
4921 
4922 
4925 
4926 
4927 
4928 
4930 
4931 
4932 
4933 
4934 
4935 
4936 
4937 
4938 
4939 
4940 
4941 
4942 
4943 
4944 
4945 
4946 
4947 
4949 
4950 
4951 
4952 
4953 
4954 
4955 
4956 
4957 
4958 
4959 
4960 
4961 
4962 
4963 
4964 
4966 
4967 
4968 
4969 
4970 
4971 
4972 
4973 
4974 
4975 
4977 
4978 
4979 
4980 
4981 
4982 
4983 
4984 
4985 
4986 
4987 
4988 
4990 
4991 
4992 
4993 
4994 
4995 
4996 
4997 
4998 
4999 
